# Stores the enclosed mass for the best fitting Milky Way mass model 
# as a function of radial distance from the Galactic Centre. 
# The MW is modelled as: a DM halo, a bulge, a thin and a thick stellar discs, 
# an HI and a molecular gas disc, and an CGM component.
# The baryonic profile was obtained from fitting the Eilers et al (2019) MW rotation curve 
# and the Callingham (2019) M200 measurement. 
# The fit was performed using a contracted DM halo.
# The columns are as follows:
# (1)     radial distance in kpc
# (2-4)   enclosed stellar mass in M_solar:   MLE, 68 percentile confidence interval
# (5-7)  enclosed baryonic mass in M_solar:  MLE, 68 percentile confidence interval
# (8-10) enclosed DM mass in M_solar:        MLE, 68 percentile confidence interval
# (11-13) enclosed total mass in M_solar:     MLE, 68 percentile confidence interval
           1  5.919052e+09  -4.429812e+08  3.439775e+08   5.93626e+09  -4.429803e+08  3.442767e+08  2.106803e+09  -2.425564e+08  3.087655e+08  8.043063e+09  -4.239504e+08  3.982744e+08
           2  1.387569e+10  -8.702846e+08  6.979443e+08  1.395972e+10  -8.742046e+08  7.006042e+08  6.462282e+09  -6.827578e+08  8.826938e+08  2.042201e+10  -6.686383e+08  6.685616e+08
           3  2.044841e+10  -1.275216e+09    1.0599e+09  2.074827e+10  -1.278958e+09  1.068216e+09  1.183904e+10  -1.167577e+09   1.49929e+09  3.258731e+10  -6.336642e+08   7.28343e+08
           5  3.063522e+10  -2.215351e+09   1.87024e+09  3.194151e+10  -2.230871e+09  1.890925e+09   2.44924e+10  -2.158006e+09  2.765869e+09  5.643391e+10  -5.121683e+08  7.594844e+08
           8  4.066057e+10  -3.469314e+09  2.866238e+09  4.407418e+10  -3.503274e+09   2.91337e+09  4.587117e+10  -3.513575e+09  4.392219e+09  8.994534e+10  -6.739897e+08  9.757624e+08
          10  4.449447e+10  -4.051799e+09  3.328804e+09  4.928856e+10  -4.091379e+09  3.382625e+09  6.055289e+10  -4.238605e+09  5.243676e+09  1.098414e+11  -9.245856e+08  1.199602e+09
          15   4.87748e+10  -4.845471e+09  3.990076e+09  5.666499e+10  -4.903164e+09  4.064737e+09  9.717492e+10  -5.54304e+09  6.569928e+09  1.538399e+11  -1.613075e+09  1.829958e+09
          20  4.994081e+10  -5.126837e+09  4.238394e+09  6.031819e+10  -5.206428e+09  4.378079e+09  1.330795e+11  -6.360331e+09  7.346248e+09  1.933977e+11  -2.59507e+09  2.905288e+09
          25  5.026319e+10  -5.212325e+09  4.347886e+09  6.260944e+10  -5.325356e+09  4.527669e+09  1.680344e+11  -6.853915e+09  8.166164e+09  2.306438e+11  -4.180988e+09  4.709209e+09
          30  5.034919e+10  -5.236533e+09  4.379523e+09     6.422e+10  -5.401328e+09  4.644395e+09  2.018254e+11  -7.696634e+09  9.331362e+09  2.660454e+11  -6.401247e+09  7.440729e+09
          40  5.038168e+10  -5.244988e+09  4.402262e+09   6.67137e+10  -5.542099e+09  4.813664e+09  2.658135e+11  -1.155733e+10   1.42199e+10  3.325272e+11  -1.271988e+10  1.461614e+10
          50  5.038459e+10  -5.245505e+09  4.413453e+09  6.893084e+10  -5.642283e+09  4.977154e+09  3.251177e+11  -1.780454e+10  2.197112e+10  3.940485e+11  -2.029125e+10  2.351881e+10
          60  5.038486e+10  -5.245039e+09  4.415055e+09  7.120841e+10  -5.789491e+09  5.191077e+09  3.801609e+11  -2.530735e+10  3.104871e+10  4.513693e+11  -2.842369e+10  3.375956e+10
          70  5.038488e+10  -5.24498e+09  4.415039e+09   7.36418e+10  -5.970603e+09  5.408429e+09  4.314179e+11  -3.308953e+10  4.125361e+10  5.050597e+11  -3.699523e+10  4.436114e+10
          80  5.038488e+10  -5.244973e+09  4.415037e+09  7.625464e+10  -6.13575e+09   5.64888e+09  4.793388e+11  -4.103516e+10  5.168605e+10  5.555934e+11  -4.544938e+10  5.575214e+10
          90  5.038488e+10  -5.244971e+09  4.415037e+09  7.904595e+10  -6.293295e+09  5.938316e+09  5.243231e+11  -4.908481e+10  6.236591e+10   6.03369e+11  -5.384158e+10  6.677883e+10
         100  5.038488e+10  -5.244971e+09  4.415037e+09  8.200873e+10  -6.521883e+09  6.227459e+09   5.66718e+11  -5.68089e+10  7.330594e+10  6.487267e+11  -6.219966e+10  7.820937e+10
         125  5.038488e+10  -5.244971e+09  4.415037e+09   9.01195e+10  -7.122545e+09  7.145596e+09  6.632372e+11  -7.595637e+10  9.947885e+10  7.533567e+11  -8.196797e+10  1.052816e+11
         150  5.038488e+10  -5.244971e+09  4.415037e+09  9.916005e+10  -7.855326e+09   8.15161e+09  7.489576e+11  -9.363541e+10  1.241672e+11  8.481177e+11  -1.001534e+11  1.316636e+11
         175  5.038488e+10  -5.244971e+09  4.415037e+09   1.09055e+11  -8.640422e+09  9.290502e+09   8.26378e+11  -1.09938e+11  1.480678e+11   9.35433e+11  -1.170201e+11  1.568324e+11
         200  5.038488e+10  -5.244971e+09  4.415037e+09  1.197456e+11  -9.516901e+09  1.044337e+10  8.972601e+11  -1.247085e+11  1.703046e+11  1.017006e+12  -1.330059e+11   1.80549e+11
         225  5.038488e+10  -5.244971e+09  4.415037e+09  1.311842e+11  -1.047597e+10  1.177812e+10  9.628813e+11  -1.386953e+11  1.913092e+11  1.094066e+12  -1.478911e+11  2.023064e+11
         250  5.038488e+10  -5.244971e+09  4.415037e+09  1.433312e+11  -1.153509e+10  1.322681e+10  1.024192e+12  -1.514136e+11  2.112871e+11  1.167523e+12  -1.621278e+11  2.234324e+11
         275  5.038488e+10  -5.244971e+09  4.415037e+09   1.56153e+11  -1.258399e+10  1.488608e+10  1.081916e+12  -1.640062e+11  2.290151e+11  1.238069e+12  -1.755196e+11  2.435894e+11
         300  5.038488e+10  -5.244971e+09  4.415037e+09  1.696206e+11  -1.381651e+10  1.649608e+10  1.136615e+12  -1.755514e+11  2.467453e+11  1.306235e+12  -1.885093e+11  2.630246e+11
